1,6931 60 668,1492 7059 6560,204,271
2,6530 6871 2122,6060 5539 3309,314,167
3,7214 585 498,5059 751 8,114,96
4,1836 6518 987,254 4603 2840,261,409
5,1138 2375 996,4153 6968 3019,342,212
6,1165 4146 6656,842 2437 2637,259,259
7,2486 4183 2135,6127 6413 3501,374,146
8,4415 2073 3187,4565 3925 1828,237,128
9,991 6482 3785,3577 2478 3853,163,327
10,3009 2403 3250,6585 6314 1011,179,358
11,6560 3019 5059,7059 5539 751,278,257
12,3501 6518 4603,6656 1138 585,257,104
13,60 4183 3187,498 4153 2135,274,234
14,6482 6931 2637,668 4565 2122,40,433
15,1836 6413 3577,3009 6530 6585,285,351
16,3925 1011 8,987 2478 1828,320,143
17,3853 7214 4146,2375 1492 3250,214,343
18,3309 2840 1165,3785 4415 2486,97,453
19,6968 6060 2403,2073 254 842,131,458
20,6127 6871 2437,991 996 6314,20,284
21,5539 2135 6413,1138 3925 2637,267,269
22,3019 987 4183,585 3577 6530,372,149
23,2122 1165 7059,498 1828 6585,352,173
24,1011 6968 3501,4153 6931 7214,290,178
25,4603 991 668,2073 2375 2486,184,248
26,2478 6127 60,6518 842 4415,219,418
27,4146 5059 3785,6060 1836 6871,161,405
28,751 3309 996,3187 3250 6656,183,335
29,6560 3009 6482,2437 8 2403,247,312
30,6314 254 4565,2840 3853 1492,415,142
31,3925 3577 4153,6518 2122 2486,61,418
32,498 842 1011,2375 3785 6530,381,121
33,5059 1828 6127,6413 6656 6931,196,151
34,1165 3187 6871,2403 3501 3019,221,364
35,254 3853 5539,2437 668 4415,371,108
36,4565 2073 3009,3250 60 585,227,413
37,6585 2478 7214,2637 4183 2840,262,352
38,996 7059 8,6314 4603 4146,312,393
39,1492 6060 751,1138 2135 6482,360,199
40,991 1836 6968,3309 987 6560,329,191
41,668 3501 2073,1011 5059 3577,345,283
42,2375 585 2437,2122 2840 60,109,390
43,2478 6656 254,2486 6530 3019,458,204
44,3853 4565 6931,2403 1138 1165,382,253
45,7059 987 6968,3785 3187 6413,407,152
46,6871 2135 6314,1836 4415 6560,134,408
47,6127 4153 3309,8 1492 6585,234,334
48,2637 3250 6060,4603 498 3925,368,256
49,751 3009 4146,4183 991 6518,335,294
50,1828 6482 842,996 7214 5539,341,116
51,7059 2375 6413,6871 4565 2478,115,356
52,2122 8 2073,1492 6656 1836,382,269
53,6931 3019 2437,2135 6585 3925,223,244
54,3250 4146 1138,668 6127 987,245,321
55,4183 3853 5059,842 3309 4603,294,512
56,6060 7214 991,1165 6314 60,221,317
57,3501 3785 3009,996 6560 254,247,389
58,585 5539 4415,6968 2486 498,81,398
59,4153 2403 1828,3577 751 2840,194,161
60,6530 2637 1011,6482 3187 6518,415,57
61,8 3019 991,3250 6413 2122,423,120
62,254 1836 2375,3925 1165 4183,478,110
63,2478 2486 6060,987 6931 3009,363,163
64,6656 996 2135,2840 2403 498,169,362
65,2637 6560 3853,1011 6127 585,293,261
66,60 4603 3577,4146 3187 5539,376,175
67,6314 3785 4153,5059 2073 6482,120,377
68,6518 3309 1138,7214 2437 7059,327,207
69,4415 6585 4565,751 3501 842,361,380
70,6871 668 1492,6968 1828 6530,331,198
71,3187 2840 2375,5539 3009 6127,300,277
72,585 6482 4153,6413 991 1165,180,326
73,987 2122 3925,60 2403 5059,441,206
74,2135 4565 3785,8 6518 7214,296,359
75,4603 1492 6968,2437 751 2478,259,264
76,996 6585 1836,2486 668 3853,228,277
77,6530 498 1138,6560 4146 2073,255,323
78,1828 3501 3309,3019 2637 6314,421,233
79,6656 4415 6060,4183 1011 7059,110,373
80,254 3577 6931,842 3250 6871,386,256
81,3009 1165 4603,2135 2122 6968,262,435
82,2403 585 2478,4146 4153 668,275,234
83,3019 498 1836,6482 6127 4565,268,338
84,2840 6530 3925,3501 7059 991,220,356
85,4415 5059 1492,3577 2637 996,325,208
86,6413 60 751,3309 1011 254,96,470
87,1828 6560 6518,6585 6060 2375,207,251
88,5539 2437 4183,3785 6931 3250,363,168
89,7214 6871 987,3853 2073 6656,343,246
90,3187 842 2486,8 1138 6314,310,249